// Reference=MNI
// Muller R A, 2001: Autistic group
// Subjects=8
-36.89	-31.24	48.05
-39.09	-16.45	46.83
-53.95	-33.12	52.86
-52.13	-29.85	12.42
-26.71	-5.69	-7.74
-15.91	-19.74	2.23
1.59	-17.64	55.38
3.72	-4.6	58.73
5.91	-1.78	67.39
63.2	-18.92	5.71
7.61	-59.04	-12.59
18.23	-59.66	-21.58
-54.64	23.41	-14.33
-30.93	14.69	8.44
-54.64	32.21	-10.6
33.29	24.91	24.69
18.63	27.9	64.75
14.28	38.11	59.48
-2.83	-58.82	18.74
1.77	-72.97	55.56
1.68	-67.31	46.17
-28.87	62.26	17.81
9.83	-71.37	-7.12
1.26	-73.88	-11.27
40.11	-85.02	33.83
37.92	-89.95	25.34
48.65	-71.94	37.09
1.62	-43.7	48.65
-30.31	-68.93	55.59
-52.12	-60.48	1.6
-9.78	56.43	-4.23
-39.03	-13.65	55.52
-45.37	-15.12	64.63
-2.63	-3.95	67.67
-56.76	10.37	-17.67
-28.79	14.71	8.41
-22.31	6.63	13.48
67.63	-41.48	16.48
33.29	24.91	24.69
28.94	35.11	19.42
28.19	-58.29	22.8
33.23	-15.22	1.29
35.49	-11.72	18.81
33.21	-0.07	4.48

// Muller R A, 2001: Healthy controls
// Subjects=0
-41.15	-17.9	55.9
8.07	-6	67.72
-56.37	-20.73	20.62
-13.77	-19.73	2.21
-59.73	10.63	13.57
-20.3	-5.65	-7.82
22.42	-53.97	-31.02
20.39	-74.79	-24.79
65.6	-16.17	41.14
61.21	-21.8	23.82
69.61	9.64	16.63
1.46	-73.94	15.5
5.95	-67.28	46.11
20.94	-93.26	39.2
-11.47	47.84	50.04
3.03	60.74	-4.74
31.42	27.64	60.17
-47.95	-59.37	-11.92
-45.69	-75.59	-1.66
26.58	-4.62	-26.29
30.78	3.52	-31.48
32.87	18.34	-32.75
-2.83	-58.82	18.74
1.77	-72.97	55.56
1.68	-67.31	46.17
-28.87	62.26	17.81
9.83	-71.37	-7.12
1.26	-73.88	-11.27
40.11	-85.02	33.83
37.92	-89.95	25.34
48.65	-71.94	37.09
1.62	-43.7	48.65
-30.31	-68.93	55.59
-52.12	-60.48	1.6
-9.78	56.43	-4.23
-39.03	-13.65	55.52
-45.37	-15.12	64.63
-2.63	-3.95	67.67
-56.76	10.37	-17.67
-28.79	14.71	8.41
-22.31	6.63	13.48
67.63	-41.48	16.48
33.29	24.91	24.69
28.94	35.11	19.42
28.19	-58.29	22.8
33.23	-15.22	1.29
35.49	-11.72	18.81
33.21	-0.07	4.48

// Müller R A, 2003: Patients with Autism
// Subjects=8
-56.78	15.66	-18.11
-27.84	53.04	8.53
-40.76	51.93	-4.61
55.83	10.67	31.2
-27.24	-3.38	63.44
46.37	2.38	48.73
33.19	1.87	2.09
-36.73	-25.13	72.06
-27.08	-67.6	58.79
46.46	-36.2	45.27
40.07	-35.99	48.67
-27.24	-92.37	27.41
36.85	-79.04	28.9
23.63	-63.43	-15.75
49.39	-65.42	-2.49
-21.47	22.98	-9.09
1.27	-23.18	11.24
10.8	-27.32	-1.9
-40.4	9.58	25.7
-40.8	54.85	-8.2
-24.65	56.23	8.23
-8.3	39.86	42.87
-31.12	32.44	-9.78
55.72	26.01	23.22
49.13	30.78	2.82
-46.68	17.42	45.19
46.26	24.33	43.54
39.95	18.71	54.12
-30.3	-71.05	55.77
-39.96	-58.41	54.82
-36.86	-52.82	44.28
20.99	-77.34	52.36
36.96	-81.19	42.46
30.17	-75.31	-4.79
65.28	-27.25	-5.88
39.69	45.72	31.79
-17.76	-64.02	21.58
-20.57	-46.73	80.38
21.12	-56.25	77.36
53.06	-50.74	63.14
8.11	-61.56	51.19
11.02	-51.42	16.85
-8.17	-103.83	1.39
-17.65	-105.77	18.39
-11.57	-59.69	-5.62
7.9	-73.64	18.75
17.48	-70.67	15.04
-11.57	-59.69	-5.62
-27.22	-3.12	66.76
40.07	-6.41	59.58
36.75	8.92	51.64
-46.43	-29.39	59.15
-20.6	-50.41	74
-24.21	-61.14	18.07
37.1	-69.87	64.93
53.04	-47.57	62.88
71.97	-34.16	28.08
27.4	-90.5	46.7
-40.31	-62.01	8.29
71.93	-44.45	18.91
-8.35	-69.45	-8.18
-43.49	20.62	44.89
-21.45	52.82	5.13
-30.46	-6.83	60.42
49.55	2.14	45.37
11.31	-5.55	73.22
-27.04	-70.51	62.38
52.81	-33.51	38.28
-27.17	-71.8	45.76
-18.16	57.04	18.12
-8.25	40.37	49.52
-40.77	55.1	-4.87
-46.68	17.42	45.19
-49.66	-65.84	42.17
-39.92	-71.1	55.88
-8.07	-56.59	34.23
-36.74	-77.94	49.73
49.75	-71.59	41.51
65.28	-27.25	-5.88

// Müller R A, 2003: Normals
// Subjects=8
58.95	13.09	20.92
-27.27	2.96	62.91
36.86	.17	62.41
58.95	13.09	20.92
-30.27	-57.59	64.68
-39.95	-35.18	66.25
43.43	-54.23	60.2
-30.5	-92.91	20.8
-11.39	-107.28	-1.63
42.88	-66.48	-15.71
17.45	-103.93	-2.24
20.5	-82.48	-14.11
29.98	-54.13	-19.95
-11.59	-20.34	7.81
-14.99	3.99	-7.58
20.22	13.46	-12.12
-21.32	-57.87	-22.39
-34.27	23.16	-5.62
-46.89	31.74	23.92
55.84	14.1	34.26
55.68	22.33	16.84
42.53	25.51	-23.42
-24.06	2.98	62.87
-1.69	8.95	55.42
-49.97	3.43	29.67
33.63	6.5	61.91
-27.13	-61.51	54.93
-20.8	-59.07	44.62
27.35	-48.24	56.54
-30.54	-96.59	14.42
-8.23	-101.17	-5.53
-30.78	-79.36	-10.44
7.86	-70.73	15.16
23.72	-85.63	-13.89
20.66	-90.71	3.3
65.28	-56.83	-16.78
-2.03	-30.83	-4.8
-14.71	-29.37	15.29
-8.34	-16.64	14.15
23.76	-29.13	14.83
7.58	-30.77	-4.92
7.56	-73.81	-24.73
39.69	45.72	31.79
-17.76	-64.02	21.58
-20.57	-46.73	80.38
21.12	-56.25	77.36
53.06	-50.74	63.14
8.11	-61.56	51.19
11.02	-51.42	16.85
-8.17	-103.83	1.39
-17.65	-105.77	18.39
-11.57	-59.69	-5.62
7.9	-73.64	18.75
17.48	-70.67	15.04
-11.57	-59.69	-5.62
-27.22	-3.12	66.76
40.07	-6.41	59.58
36.75	8.92	51.64
-46.43	-29.39	59.15
-20.6	-50.41	74
-24.21	-61.14	18.07
37.1	-69.87	64.93
53.04	-47.57	62.88
71.97	-34.16	28.08
27.4	-90.5	46.7
-40.31	-62.01	8.29
71.93	-44.45	18.91
-8.35	-69.45	-8.18
-43.49	20.62	44.89
-21.45	52.82	5.13
-30.46	-6.83	60.42
49.55	2.14	45.37
11.31	-5.55	73.22
-27.04	-70.51	62.38
52.81	-33.51	38.28
-27.17	-71.8	45.76
-18.16	57.04	18.12
-8.25	40.37	49.52
-40.77	55.1	-4.87
-46.68	17.42	45.19
-49.66	-65.84	42.17
-39.92	-71.1	55.88
-8.07	-56.59	34.23
-36.74	-77.94	49.73
49.75	-71.59	41.51
65.28	-27.25	-5.88

// Hubl D, 2003: Autistic group
// Subjects=20
38.55	-50.65	-16.99
-39.44	-59.66	-16.45
45.11	-77.59	-8.12
-48.94	-73.92	-7.34
29.38	-68	34.75
-27.2	-68.8	43.28
40.87	10.58	31.38
-38.22	11.07	31.13
44.91	7.15	.39
-36.33	16.26	1.68
48.21	23.51	19.06
47.37	-51.03	18.63

// Hubl D, 2003: Healthy controls
// Subjects=10
37.44	-47.74	-20.57
-40.54	-56.75	-20.03
41.9	-79.81	-9.01
-47.88	-75.06	-8.38
31.55	-67.64	39.16
-26.12	-68.7	44.37
45.16	4.26	31.86
-44.57	-1.48	34.49
43.89	13.11	8.83
-33.14	18.31	.35
40.73	26.72	19.99
51.75	-53.23	31.03

// Manjaly Z M, 2007: Autistic patients
// Subjects=12
-45	-78	3
24	-93	-3
33	-84	12
30	-99	3
30	-66	42
-24	-78	33
39	-78	-12
39	-93	3
-12	-75	3
-24	-30	0
-27	-60	57
33	24	0
9	-72	6
6	-69	-33
39	-81	9
-27	-90	3

// Manjaly Z M, 2007: Control group
// Subjects=12
-45	-78	3
24	-93	-3
33	-84	12
30	-99	3
30	-66	42
-24	-78	33
39	-78	-12
39	-93	3
-12	-75	3
-24	-30	0
-27	-60	57
33	24	0
-12	-72	57
-24	-3	63

// Ring H, 1999: Autism Group
// Subjects=6
47.15	-58.8	-13.06
30.05	-46.84	-8.29
-16.98	-43.95	-7.99
-17.96	-67.22	-6.03
20.42	-32.72	-3.79
-24.39	-50.97	-1.74
-8.27	-75.19	.1
58.69	49.95	2.22
17.45	-67.67	12.56
-46.69	-60.65	12.71
-12.42	-81.59	14.07
47.26	11.59	30.1
-31.81	11.11	31.05
48.35	6.31	30.53
-35	6.86	31.45
41.94	17.27	35.26
-46.74	14.62	36.51
-44.41	-38.23	40.91
-24.11	-21.74	45.99
27.32	-58.44	48.47
-18.62	-61.89	49.29
43.24	-17.73	50.45
16.65	-39.58	59.28
-14.36	-33.43	59.12
22.81	-86.13	7.35
38.76	-78.08	-.19
41.91	-75.32	-6.04
35.94	-55.42	59.27
-16.41	-70.96	55.6
-26.35	-84.31	7.77
1.42	-80.97	7.17
1.42	-80.97	7.17
53.58	9.54	16.82
44.02	18.88	28.41
-29.39	-67.21	36.48
50.72	-33.01	44.96
29.09	-63.34	-1.32
29.03	-58.48	-7.3
14.24	-80.89	7.01
19.64	-83.6	12.75
35.58	-71.25	5.96
32.46	-83.53	12.6
56.97	11.44	41.16
56.89	7.33	29.24
32.69	-53.75	53.59
35.94	-55.42	59.27
-11.06	-70.93	55.54

// Ring H, 1999: Healthy Controls
// Subjects=12
47.15	-58.8	-13.06
30.05	-46.84	-8.29
-16.98	-43.95	-7.99
-17.96	-67.22	-6.03
20.42	-32.72	-3.79
-24.39	-50.97	-1.74
-8.27	-75.19	.1
58.69	49.95	2.22
17.45	-67.67	12.56
-46.69	-60.65	12.71
-12.42	-81.59	14.07
47.26	11.59	30.1
-31.81	11.11	31.05
48.35	6.31	30.53
-35	6.86	31.45
41.94	17.27	35.26
-46.74	14.62	36.51
-44.41	-38.23	40.91
-24.11	-21.74	45.99
27.32	-58.44	48.47
-18.62	-61.89	49.29
43.24	-17.73	50.45
16.65	-39.58	59.28
-14.36	-33.43	59.12
22.81	-86.13	7.35
38.76	-78.08	-.19
41.91	-75.32	-6.04
35.94	-55.42	59.27
-16.41	-70.96	55.6
-26.35	-84.31	7.77
1.42	-80.97	7.17
1.42	-80.97	7.17
53.58	9.54	16.82
44.02	18.88	28.41
-29.39	-67.21	36.48
50.72	-33.01	44.96
29.09	-63.34	-1.32
29.03	-58.48	-7.3
14.24	-80.89	7.01
19.64	-83.6	12.75
35.58	-71.25	5.96
32.46	-83.53	12.6
56.97	11.44	41.16
56.89	7.33	29.24
32.69	-53.75	53.59
35.94	-55.42	59.27
-11.06	-70.93	55.54

// Takarae Y, 2007: Participants with Autism
// Subjects=13
26.17	-9.83	57.79
6.86	2.48	53.64
45.02	31.32	24.01
28.39	-74.89	42.03
4.77	-56.34	36.29
60.03	-65.78	-8.16
30.09	-90.42	-21.36
-38	-12.93	50.98
.45	-6.36	49.99
-20.8	-49.12	49.36
-9	-66.14	48.42
-47.86	-70.49	-4.3
-14.85	-89.09	-27.65
51.57	16.36	36.35
4.77	18.3	65.72
36.28	63.36	12.51
12.94	45.22	27.68
8.96	-46.26	28.7
58.01	-62.48	7.2
2.25	-16.46	1.75
5.36	13.34	1.44
-42.53	15.11	28.61
-21.48	73.42	10.1
-.89	34.73	30.95
.33	-25.16	27.03
0.09	-12.24	1.42
-4.26	13.28	1.56
-12.78	-64.5	-26.39
45.34	-12.6	47.77
3.69	24.81	67.41
38.76	28.42	42.17
49.69	-56.79	40.27
2.68	-69.05	37.38
4.56	18.36	38.95
21.49	-77.79	-22.33
-35.85	-6.23	54.86
-5.93	22.47	65.49
-36.09	39.61	42.09
-45.33	-52.1	54.35
.65	-72.43	48.84
-0.03	48	9.75
.3	14.11	39.35
.47	-34.71	41.22
-53.25	-71.03	-10.88
-40.58	-68.1	-29.12
30.5	-53.22	46.88
47.39	-81.58	8.92
-48.92	-63.81	-.39
-8.4	10.23	17.48

// Takarae Y, 2007: Healthy Controls
// Subjects=14
26.17	-9.83	57.79
6.86	2.48	53.64
45.02	31.32	24.01
28.39	-74.89	42.03
4.77	-56.34	36.29
60.03	-65.78	-8.16
30.09	-90.42	-21.36
-38	-12.93	50.98
.45	-6.36	49.99
-20.8	-49.12	49.36
-9	-66.14	48.42
-47.86	-70.49	-4.3
-14.85	-89.09	-27.65
51.57	16.36	36.35
4.77	18.3	65.72
36.28	63.36	12.51
12.94	45.22	27.68
8.96	-46.26	28.7
58.01	-62.48	7.2
2.25	-16.46	1.75
5.36	13.34	1.44
-42.53	15.11	28.61
-21.48	73.42	10.1
-.89	34.73	30.95
.33	-25.16	27.03
0.09	-12.24	1.42
-4.26	13.28	1.56
-12.78	-64.5	-26.39
45.34	-12.6	47.77
3.69	24.81	67.41
38.76	28.42	42.17
49.69	-56.79	40.27
2.68	-69.05	37.38
4.56	18.36	38.95
21.49	-77.79	-22.33
-35.85	-6.23	54.86
-5.93	22.47	65.49
-36.09	39.61	42.09
-45.33	-52.1	54.35
.65	-72.43	48.84
-0.03	48	9.75
.3	14.11	39.35
.47	-34.71	41.22
-53.25	-71.03	-10.88
-40.58	-68.1	-29.12
30.5	-53.22	46.88
47.39	-81.58	8.92
-48.92	-63.81	-.39
-8.4	10.23	17.48

// Keehn B, 2014: Autism (ASD) Patients
// Subjects=9
60.81	28.93	-8.31
38.31	79.78	4.41
-26.89	83.62	4.84
38.52	17.22	7.43
10.09	8.22	58.69
-23.36	-29.39	2.01
22.68	-5.11	22.86
-20.03	-28.08	18.59
38.94	-5.87	52.85
6.6	-68.39	-9.56
-38.96	-28.29	58.97
39.02	-67.68	37.96
10.25	-40.68	59.45
-10.19	-19.11	51.18
38.49	19.08	3.93
-32.46	-63.66	55.17
54.7	5.66	21.59
-6.93	-5.37	63.37
-48.85	-1.59	33.43
54.6	24.44	16.68
48.55	-78.43	22.03
22.89	.38	52.51
-29.68	-71.26	-2.21
-3.91	10.28	45.3
51.34	40.28	15.38
-22.86	-60.43	54.79
-10.15	-8.82	60.36
-16.87	5.49	25.78
35.7	-2.97	49.3
48.28	8.79	21.41
-35.83	-48.84	40.59
-45.44	-35.7	46.29
39.02	-67.68	37.96
26.08	-9.63	46.62
-6.94	-8.8	60.32
6.84	14.29	54.88
25.48	18.18	-20.38
-42.2	-45.19	47.05
-10.3	2.84	46
-.45	-44.17	56.52
54.54	40.3	15.35
-38.85	-56.84	61.37
26.14	8.57	61.83
26.3	-66.73	51.41
35.64	-89.31	6.36
22.9	-2.79	52.78
48.21	4.85	11.7
51.48	-48.31	-1.72
35.82	-67.7	38

// Keehn B, 2014: Typically Developing (TD) Controls
// Subjects=13
32.01	85.34	21.86
28.84	-50.5	-28.04
60.81	28.93	-8.31
39.02	-67.68	37.96
10.25	-40.68	59.45
-10.19	-19.11	51.18
38.49	19.08	3.93
-32.46	-63.66	55.17
54.7	5.66	21.59
-6.93	-5.37	63.37
-48.85	-1.59	33.43
54.6	24.44	16.68
48.55	-78.43	22.03
22.89	.38	52.51
29.23	-82.74	9.23
-29.53	-79.67	12.99
39.02	-67.68	37.96
26.08	-9.63	46.62
-6.94	-8.8	60.32
6.84	14.29	54.88
25.48	18.18	-20.38
-42.2	-45.19	47.05
-10.3	2.84	46
-.45	-44.17	56.52
54.54	40.3	15.35
-38.85	-56.84	61.37
26.14	8.57	61.83
-29.74	-75.21	-11.92
32.6	-71.15	34.98
37.39	26.48	3.32
22.9	-2.79	52.78
48.21	4.85	11.7
51.48	-48.31	-1.72
35.82	-67.7	38
60.94	3.9	-1.75
-17.14	-1.66	-11.54
38.48	-14.01	-11.14
-58.46	-24.63	25.43
3.59	17.18	51.33
22.66	-77.81	-8.95
-13.53	-73.23	12.27

// Bölte S, 2008: Healthy Controls
// Subjects=7
23	-72	-7

